100
10 200 210
20 128 374
24 210 375
11 248 259
11 105 116
19 342 361
19 139 158
13 297 310
17 149 166
11 0 11
11 128 139
15 90 105
14 102 375
14 91 105
12 343 375
11 116 127
19 342 361
19 0 218
12 116 128
18 263 281
13 218 231
12 343 355
12 0 23
14 102 116
20 290 375
10 0 46
16 218 234
22 39 61
11 331 375
19 180 199
19 199 218
9 77 86
12 329 341
11 105 116
19 0 331
12 331 343
15 234 249
14 11 25
19 181 200
14 249 263
11 248 371
10 80 90
16 0 39
8 0 54
10 11 21
14 249 263
19 61 80
19 0 77
11 25 36
11 0 375
21 310 331
19 181 200
12 116 128
16 263 279
14 361 375
19 58 77
14 231 245
11 0 11
13 23 36
14 166 180
14 234 375
11 279 290
11 128 139
12 0 102
13 77 90
16 281 297
12 0 128
10 171 181
27 128 155
21 210 231
12 46 375
10 139 149
16 263 279
10 91 101
17 312 329
10 200 210
19 180 199
18 263 281
15 297 312
20 355 375
10 0 46
20 355 375
22 39 61
11 0 11
18 310 328
16 281 297
9 166 175
18 231 249
8 80 88
10 171 181
14 361 375
13 329 342
19 61 375
22 290 375
13 158 171
12 11 375
17 149 375
13 158 171
11 25 372
11 279 290