150
14 94 108
12 471 483
12 0 471
16 473 489
19 512 562
10 162 172
16 324 340
12 0 12
11 0 560
14 531 545
7 142 149
22 188 210
21 188 209
12 0 57
17 442 459
13 549 562
18 220 238
16 340 356
12 312 324
14 210 562
18 90 562
15 235 250
11 188 562
12 409 421
21 275 296
10 0 324
14 459 473
10 178 562
24 372 396
17 442 459
11 329 340
18 62 562
17 531 548
12 251 263
12 0 433
13 18 31
10 108 118
12 324 558
12 0 132
14 489 503
25 275 300
14 94 108
13 0 263
27 369 562
14 395 409
18 0 18
30 132 162
31 62 93
11 166 177
18 0 108
19 529 548
13 0 251
17 312 329
14 300 314
11 340 351
18 471 489
12 300 312
20 483 503
11 0 210
10 178 562
20 0 562
10 80 90
10 340 561
22 263 285
24 142 562
12 166 178
18 296 314
11 0 444
13 250 562
12 263 275
10 473 483
12 108 120
12 395 407
16 0 471
13 18 31
11 407 418
13 549 562
19 423 442
11 285 296
14 152 166
16 513 529
11 224 235
18 0 18
13 396 409
17 45 62
10 502 512
18 220 238
18 351 562
18 62 80
20 0 152
10 199 209
22 263 285
15 529 544
15 0 384
15 209 224
17 0 562
15 0 250
11 433 444
12 421 433
12 372 384
15 285 300
17 512 529
24 118 142
11 444 455
13 489 502
20 42 62
11 296 307
14 409 423
9 118 127
17 545 562
10 152 162
11 0 220
7 0 115
17 12 29
14 314 561
10 162 172
13 29 42
8 384 392
15 483 498
18 351 369
28 62 562
8 188 559
11 444 455
12 251 562
19 423 442
16 0 423
16 356 372
10 503 513
14 0 562
11 31 562
10 0 220
14 0 94
18 455 562
16 0 45
15 513 528
11 384 395
17 12 562
11 0 235
22 0 142
10 503 513
12 0 275
11 396 407
12 0 12
16 356 372
9 502 561
12 108 120
6 329 557
16 0 188
11 340 351
16 172 562