200
12 593 605
15 117 132
10 73 83
36 188 224
13 0 73
11 62 73
12 0 607
14 337 351
11 239 250
10 0 457
10 551 561
24 697 721
12 0 748
22 142 164
16 44 60
12 593 750
22 354 376
11 0 324
11 522 750
14 299 313
18 0 568
26 459 485
12 164 176
14 0 351
14 129 143
16 429 750
8 0 68
10 93 750
16 250 266
13 392 405
19 0 682
21 266 287
13 0 750
24 0 188
11 239 250
7 344 351
19 500 750
17 0 539
11 485 496
14 550 564
14 736 750
15 0 736
11 0 486
10 0 650
12 618 630
11 406 750
11 464 475
12 117 129
18 206 750
21 629 650
13 26 39
13 0 13
11 607 618
10 583 750
11 0 616
12 393 405
13 10 23
17 224 241
14 519 533
24 405 429
28 297 750
13 379 392
15 224 750
21 266 750
9 265 274
14 417 431
16 496 512
11 354 365
11 0 562
19 564 583
11 276 287
10 50 60
29 0 217
8 0 8
25 241 266
13 605 618
10 0 10
16 459 475
14 736 750
25 696 721
8 629 637
15 667 750
12 117 750
14 682 696
14 0 393
7 722 729
12 618 630
25 299 324
14 486 500
9 73 82
18 533 551
16 0 50
20 73 93
14 682 696
13 13 750
10 630 750
14 0 736
10 13 23
14 0 379
14 351 365
9 0 71
22 217 750
11 568 579
16 10 26
11 0 750
14 103 117
5 0 349
12 164 750
10 287 297
10 687 697
13 650 663
24 241 265
12 583 750
11 206 217
10 154 164
21 464 485
16 734 750
10 512 522
37 630 750
12 0 154
10 539 549
15 117 132
13 104 117
7 287 294
11 93 104
14 192 750
12 287 299
16 734 750
19 445 464
14 129 143
18 26 44
10 132 142
26 0 431
12 417 429
14 579 750
16 297 313
16 376 392
23 640 663
20 667 687
13 104 117
20 519 750
11 475 486
14 192 206
16 431 750
10 154 164
24 0 687
12 176 188
18 44 62
15 250 750
14 392 406
16 34 50
11 696 750
19 0 236
15 568 583
10 406 416
11 0 154
10 539 549
11 365 750
11 618 629
6 132 138
26 0 748
16 579 595
20 0 163
11 265 276
18 429 447
23 496 519
19 325 344
20 324 750
12 313 325
13 324 337
21 83 104
12 0 607
19 445 464
14 564 578
17 0 393
11 23 34
17 83 100
11 276 287
28 351 379
10 721 731
10 697 750
15 485 500
20 0 93
14 0 445
12 325 337
10 486 496
10 0 297
11 23 34
12 447 459
9 0 59
17 533 550
11 0 404
12 500 512
14 707 721
10 687 697
16 176 192
10 512 522
15 707 722
17 0 667
11 618 629