250
20 204 224
16 603 619
11 225 937
17 484 937
10 0 639
9 238 247
10 505 515
11 36 937
11 458 469
16 381 397
11 447 458
17 360 377
11 0 512
25 377 402
10 593 603
11 0 937
17 180 197
21 360 381
14 345 937
8 236 244
11 0 204
18 670 688
12 435 937
20 14 34
14 0 14
23 435 458
12 14 26
23 270 293
10 562 572
14 0 619
16 751 767
18 700 718
20 359 379
23 647 670
14 0 617
12 0 275
10 402 412
11 912 923
12 0 937
10 0 36
10 834 844
18 512 530
14 875 889
12 0 26
11 110 121
13 0 689
10 505 515
13 605 618
15 149 164
12 435 447
12 236 248
8 836 844
15 807 822
16 0 193
12 0 834
21 844 865
11 458 937
16 177 193
10 311 937
12 925 937
10 629 639
10 70 80
11 412 423
17 689 706
12 925 937
10 447 936
21 584 605
12 635 647
18 759 777
13 718 731
11 225 236
23 0 937
13 197 937
10 847 857
14 0 149
10 263 935
23 435 937
11 96 107
11 0 204
11 899 910
12 224 236
12 0 807
17 160 937
22 14 36
16 458 474
14 923 937
8 639 647
27 795 822
18 759 777
10 402 412
17 270 287
13 287 937
10 562 572
15 565 580
18 0 377
14 210 224
10 0 345
12 822 834
18 0 311
35 787 937
14 0 14
8 300 934
16 485 501
10 572 582
13 287 300
13 912 925
18 731 749
18 857 875
26 300 326
14 0 666
9 635 644
14 121 135
11 423 434
7 552 559
20 62 82
23 879 902
15 345 360
10 0 435
19 515 534
13 0 348
10 485 495
13 164 177
17 130 937
12 423 435
10 37 47
14 865 879
17 180 197
14 80 935
18 80 98
10 0 676
23 47 937
10 721 731
12 572 584
11 0 485
15 731 932
14 135 937
14 865 879
15 565 580
15 311 937
10 834 937
18 0 222
14 822 937
20 767 787
16 618 634
12 70 82
22 326 937
14 0 14
11 618 937
11 836 847
7 749 756
19 515 534
18 0 937
20 0 180
11 348 359
14 807 821
18 62 80
13 0 902
32 718 750
15 396 411
16 164 180
10 210 220
20 110 130
12 552 936
12 706 718
16 0 937
24 721 745
14 121 135
10 879 889
12 98 110
19 0 396
13 619 934
6 259 265
10 777 787
15 469 484
11 96 937
11 501 512
11 484 495
13 412 425
31 534 565
20 787 937
10 425 435
10 847 857
14 0 14
9 249 258
8 0 588
14 249 263
13 0 593
10 889 899
10 0 759
19 584 603
11 259 270
11 238 249
12 98 110
10 619 937
12 593 605
14 822 836
28 0 795
12 688 700
11 248 259
14 321 335
21 530 936
28 293 321
12 688 700
15 706 721
15 47 62
8 495 503
19 0 937
15 777 792
11 248 259
15 381 396
12 348 937
21 902 937
13 899 912
16 0 98
13 676 937
9 495 504
10 149 932
23 902 925
13 0 652
15 0 411
13 0 160
17 689 937
16 844 860
10 37 47
13 197 937
18 512 530
16 751 767
10 474 484
17 130 147
21 700 721
16 275 291
10 666 676
15 47 937
13 224 237
23 47 70
14 82 96
14 0 937
19 647 666
11 411 422
18 530 933
24 534 558
14 321 335
11 147 158
24 875 899
16 458 474
14 0 937
11 26 37
18 857 875
14 0 937
18 652 670