300
16 337 353
16 647 663
11 701 712
27 422 449
19 433 452
14 0 1125
16 0 481
12 305 317
10 317 327
10 369 379
36 825 861
13 81 94
17 534 551
18 919 937
15 593 608
11 94 105
11 1002 1013
11 422 1125
15 0 947
10 1024 1034
11 0 958
16 0 523
14 355 369
12 491 503
17 191 208
11 141 1125
18 34 52
10 608 618
17 797 814
14 666 1125
10 815 825
18 272 290
19 1068 1087
14 464 1122
11 949 960
20 208 228
10 481 491
19 1034 1053
18 261 1125
15 959 974
18 885 903
7 0 747
15 121 136
12 315 327
11 0 825
10 355 365
19 1045 1064
9 195 204
19 851 870
9 69 1123
10 545 555
11 228 239
10 334 344
11 0 1024
14 567 581
14 0 251
16 353 369
12 985 1125
18 392 410
10 327 337
21 680 701
21 412 433
12 0 1122
14 66 1125
16 491 507
16 195 211
29 903 932
13 379 392
13 0 1125
13 178 1125
6 545 551
8 228 1122
13 0 183
10 327 337
15 708 723
11 1002 1013
10 251 261
11 0 11
12 0 164
12 290 1122
12 10 22
12 0 591
12 751 763
7 873 880
11 0 11
10 305 315
16 885 1123
17 317 334
14 800 814
38 1087 1125
11 1064 1075
13 1087 1100
11 1114 1125
16 885 901
11 874 885
27 0 1125
12 0 464
14 164 178
10 183 193
12 712 1125
13 0 1125
25 290 315
13 0 118
18 261 1125
12 596 1125
24 0 861
19 0 534
7 481 488
13 761 774
10 0 947
25 1089 1114
17 985 1125
21 608 629
14 279 1125
16 0 353
22 0 997
12 11 23
16 784 800
16 433 449
16 208 224
40 723 763
16 507 523
12 596 608
11 874 885
16 959 975
12 0 365
28 0 164
12 0 195
9 11 20
15 581 596
12 491 1125
23 851 874
12 379 391
10 774 784
15 0 1121
11 534 1125
15 0 1068
13 211 224
11 814 825
15 593 608
13 224 237
13 105 1125
12 239 251
33 647 680
11 0 629
11 645 656
11 0 345
8 676 684
18 797 815
13 279 292
10 1013 1023
16 997 1013
16 491 507
11 94 105
9 0 1120
16 105 121
16 449 465
12 873 1125
12 503 515
18 152 170
21 740 1125
20 656 676
15 211 226
27 0 751
17 534 1125
10 608 618
19 0 534
20 22 42
8 656 664
10 402 412
11 0 390
21 1104 1125
17 0 646
11 534 1125
7 949 956
18 0 919
10 751 761
16 708 1125
11 23 1125
24 293 317
11 0 985
11 974 1125
6 465 471
19 23 42
29 141 170
12 825 837
10 1104 1114
12 937 949
18 0 52
11 947 1124
15 1089 1104
22 0 140
11 80 91
11 379 390
13 56 69
16 997 1013
17 579 596
16 629 645
10 774 784
18 1034 1052
24 237 261
11 94 105
11 1114 1125
11 701 712
18 118 136
16 475 1125
14 565 579
11 523 534
12 861 873
14 42 56
19 1045 1064
7 69 76
10 262 272
15 686 701
14 164 178
20 402 422
17 932 1125
11 1034 1045
11 1023 1034
14 0 1125
11 0 1045
14 551 565
18 272 290
10 0 1125
26 825 851
10 345 355
16 551 567
5 0 350
14 0 56
10 262 272
16 121 137
11 464 475
37 763 800
13 452 465
21 608 1125
11 712 723
14 1075 1089
12 861 1125
17 52 69
13 81 94
10 1013 1125
12 581 593
11 523 534
15 66 81
15 960 975
10 686 696
15 800 815
13 224 237
16 885 901
14 837 851
11 80 1122
12 696 708
13 136 149
14 365 1125
12 696 1125
12 10 22
14 0 379
20 239 259
12 390 402
16 680 1125
14 567 1125
13 0 932
11 618 1125
5 0 5
10 676 1125
11 0 1024
16 0 645
10 666 676
11 1023 1034
13 178 191
10 251 261
11 94 105
15 1053 1068
19 315 334
12 293 305
14 960 1125
10 369 379
12 503 515
31 390 421
16 724 1125
16 475 491
12 555 567
12 22 1125
16 0 1125
40 412 452
36 901 1125
17 723 740
17 191 208
10 56 66
9 645 654
11 1064 1075
8 1024 1123
10 0 825
12 825 837
10 392 402
18 629 647
13 0 797
34 763 797
10 555 565
11 0 116