350
15 1147 1162
9 44 53
14 354 368
11 1260 1271
13 261 274
10 597 607
19 0 408
16 885 901
18 793 1312
15 1137 1152
17 0 1312
17 188 205
21 602 623
14 1247 1261
10 1176 1186
18 114 132
11 0 419
20 623 643
15 1004 1019
11 250 261
9 901 910
10 1089 1099
11 796 1308
14 0 1308
29 334 363
17 391 1312
10 0 1147
10 115 125
21 90 111
38 1071 1109
16 74 1312
10 368 378
17 317 334
12 761 773
24 1223 1247
14 972 986
13 773 786
19 997 1016
19 243 262
13 90 1312
25 462 487
11 452 1312
15 641 656
24 700 724
16 17 33
19 0 1295
11 764 775
9 764 773
17 0 436
16 1073 1089
14 1282 1296
12 250 262
17 0 1312
15 114 129
21 662 683
10 673 683
14 853 867
10 530 1312
12 761 773
10 132 1312
12 1019 1031
16 825 841
13 501 514
18 1240 1258
15 0 1312
18 883 901
11 0 74
18 151 1312
10 1061 1071
16 0 16
10 115 1312
11 103 114
7 67 1309
10 550 560
20 540 560
12 502 514
12 153 165
12 0 1016
15 374 389
11 562 573
6 0 468
18 0 1312
16 74 90
21 0 1312
13 900 913
19 1276 1295
11 934 1312
16 956 972
19 718 737
11 0 764
17 883 900
13 793 806
13 618 631
10 0 1228
13 44 57
8 0 1309
9 631 640
8 165 173
10 1176 1186
21 924 945
22 262 284
13 77 90
17 656 673
17 0 1240
7 0 1070
9 0 52
11 662 1312
17 0 1312
20 737 757
11 0 1110
16 825 841
21 0 237
13 90 103
17 0 1196
6 408 414
10 753 763
19 0 224
25 317 342
19 583 602
11 0 501
16 853 869
19 205 1312
12 0 562
16 408 424
6 57 1308
13 434 447
13 0 786
12 238 250
11 0 1312
37 1073 1110
10 796 1312
13 1247 1260
11 205 216
14 1019 1033
16 0 1312
14 811 825
12 0 1312
13 378 391
18 623 1312
13 1299 1312
17 0 194
12 1196 1208
28 945 973
17 0 391
11 205 216
8 0 1097
10 368 378
19 683 1312
14 1134 1148
11 0 573
11 913 924
14 132 146
17 685 702
10 43 53
20 284 304
12 1109 1121
11 0 11
11 1134 1145
12 490 502
15 1208 1223
21 342 363
17 304 321
10 786 796
15 0 1031
19 643 662
10 573 583
13 973 986
14 274 1309
16 0 424
7 1186 1193
14 1162 1312
12 165 177
12 0 115
10 831 841
10 1063 1073
19 1228 1247
6 501 507
13 291 304
10 841 851
15 419 1312
11 363 374
23 301 324
19 985 1004
11 436 1312
11 1271 1282
15 525 540
10 1218 1228
19 169 188
11 142 153
10 540 550
18 851 1312
11 913 924
10 786 796
10 821 831
17 1016 1312
17 1162 1179
13 512 525
10 67 77
9 1261 1270
10 0 1218
20 0 354
13 584 597
10 811 821
13 77 90
20 1031 1051
16 702 718
10 0 1162
27 945 972
15 806 821
12 1228 1240
16 436 452
10 324 334
17 484 501
32 1031 1063
18 243 261
10 33 43
13 0 1312
10 1152 1162
11 301 312
13 1282 1295
11 142 153
12 741 753
13 560 573
10 841 851
21 0 934
14 775 789
14 0 1176
10 831 841
16 737 753
6 607 613
7 11 18
13 1299 1312
10 53 63
26 17 43
32 924 956
24 0 724
19 224 243
13 643 1312
16 607 1312
10 1186 1196
10 573 583
10 53 63
14 1261 1275
17 274 291
18 867 885
14 869 883
10 57 67
7 597 604
17 1179 1196
17 1162 1179
21 0 934
10 424 1312
10 177 187
15 0 1312
15 685 700
17 284 1312
28 0 1137
13 261 274
25 169 194
11 473 484
23 0 44
11 63 74
10 821 1312
29 656 685
14 0 597
17 0 408
18 1033 1312
10 1051 1061
22 0 956
12 0 1312
12 841 853
12 0 165
16 602 618
11 1110 1121
10 452 462
17 0 1312
15 885 900
16 0 867
12 673 685
10 530 540
19 1240 1259
11 986 997
19 985 1004
12 631 643
14 0 368
13 0 737
15 1147 1162
18 584 602
12 0 853
10 1099 1109
8 291 1310
26 125 151
11 0 997
27 216 243
13 0 1312
18 484 502
6 1061 1308
11 0 11
11 194 205
12 21 33
12 1196 1208
9 194 203
17 956 973
18 324 342
22 0 1312
17 0 700
11 1271 1282
16 0 463
28 1033 1061
23 718 1312
13 0 913
12 0 1063
25 90 115
14 869 883
10 11 1312
10 1208 1312
13 560 573
10 0 1312
15 1208 1223
13 972 985
14 224 238
12 901 1312
12 342 354
15 702 717
18 0 452
13 618 1312
17 473 490
21 641 662
12 1196 1208
11 514 525
12 424 436
19 389 408
10 463 473
10 573 1312
10 540 550
24 1110 1134
16 1121 1137
22 997 1019
18 0 885
17 188 205
9 0 982
11 363 374
17 1295 1312
20 741 761
22 262 1312
16 1260 1276
18 1071 1312
18 775 793
19 806 1312
10 573 1311