400
10 945 955
14 169 1500
11 1300 1311
21 655 676
12 1442 1500
11 861 872
24 1167 1191
10 224 234
11 0 115
10 314 324
16 0 1497
35 609 644
23 1124 1147
20 1248 1268
12 1477 1489
10 1024 1500
13 0 477
12 157 169
14 1379 1393
10 224 234
15 131 146
12 1454 1466
21 0 848
23 707 1500
11 223 234
12 0 1500
9 0 1497
12 1454 1500
18 234 252
14 235 1500
14 0 1500
18 234 252
16 1047 1063
14 37 51
13 0 300
12 62 74
15 0 1500
17 1311 1500
15 183 1499
13 677 690
21 398 419
40 0 609
21 1069 1090
12 877 889
18 0 1477
12 1268 1280
18 14 1500
20 1167 1187
10 32 42
11 276 287
20 0 1500
12 1268 1280
36 0 148
12 1420 1432
12 161 173
10 1211 1500
10 1201 1211
16 861 1500
17 77 94
16 610 626
14 489 503
11 51 62
12 1191 1203
11 56 67
16 0 782
10 969 979
16 929 945
18 854 872
13 848 861
13 906 919
13 556 569
14 1355 1369
14 375 389
22 906 928
22 0 1442
10 626 636
11 0 1379
21 0 37
18 94 112
6 398 404
12 740 752
13 945 958
16 0 854
12 1125 1137
12 1057 1069
36 1406 1442
22 1035 1057
18 1006 1024
11 531 542
33 464 497
18 1459 1477
10 0 945
11 0 1500
11 0 1500
11 503 1500
26 0 636
11 514 525
14 766 780
12 477 489
13 349 362
14 209 1500
10 0 1500
34 252 286
14 489 503
16 0 16
19 0 1357
12 363 375
27 690 717
9 67 76
11 1357 1368
12 1466 1500
10 707 717
11 1290 1301
10 441 1500
10 173 183
14 727 741
26 929 955
14 0 314
12 429 441
10 1237 1247
10 1478 1488
13 1111 1124
15 958 1500
13 597 610
10 0 42
17 609 626
19 1324 1343
11 56 67
15 569 584
13 0 740
8 199 1498
16 872 888
16 1312 1328
24 586 610
13 825 838
10 0 848
11 644 655
20 183 203
15 1109 1500
10 996 1006
12 752 764
18 1173 1191
17 0 129
13 0 1420
12 336 348
11 560 571
14 1021 1035
11 1489 1500
13 362 1500
10 969 1500
10 730 1500
12 513 525
12 890 902
11 441 452
10 276 1500
11 1343 1354
9 262 1495
14 42 56
21 1090 1111
10 986 996
15 348 363
12 161 173
19 1154 1173
10 304 314
24 0 1393
16 919 935
12 409 1500
23 325 348
16 1221 1500
14 209 223
15 958 1500
12 0 1500
10 656 666
14 1379 1393
17 0 1093
13 362 375
10 0 1006
11 1269 1280
15 1220 1235
25 0 477
11 1237 1248
17 810 827
7 1290 1297
14 0 14
13 1063 1500
12 1488 1500
16 74 90
11 1489 1500
14 955 969
12 157 169
11 0 325
16 0 16
23 979 1002
14 1111 1125
17 979 996
12 62 1500
23 14 37
11 0 1312
14 1324 1500
10 1478 1488
14 0 1420
11 586 597
10 1258 1268
11 730 741
10 1201 1500
11 0 325
11 387 398
17 902 919
15 142 157
14 752 1500
15 0 586
17 782 799
9 131 140
22 0 1500
12 1466 1478
10 764 774
20 1147 1500
19 203 222
38 451 489
12 1488 1500
14 0 14
27 0 1500
11 0 1258
12 1191 1500
18 1173 1191
8 375 383
12 0 336
13 973 986
10 1432 1442
13 0 1500
10 1280 1290
22 0 1269
10 740 750
25 1368 1500
12 235 247
13 1124 1137
15 0 363
14 542 556
10 1328 1338
17 0 1500
12 0 1369
13 249 1500
20 477 497
27 115 142
11 782 1500
14 42 56
12 1343 1355
16 0 1500
10 666 1500
14 1021 1035
17 0 1496
18 286 304
9 1312 1497
17 793 1500
12 1235 1247
10 0 451
10 0 1290
17 514 1500
17 0 542
16 919 935
26 571 597
14 0 1407
11 1258 1269
14 37 51
16 1154 1170
17 1220 1500
12 1057 1069
11 51 62
10 0 409
10 1280 1290
28 0 1500
17 497 514
13 349 362
20 0 1167
12 1035 1500
12 1477 1489
16 544 560
11 827 1500
13 1063 1076
10 0 209
10 1137 1147
5 1290 1295
11 93 104
10 67 77
19 0 707
24 325 349
13 451 464
14 262 276
14 1047 1061
13 0 544
10 419 429
19 688 707
17 0 1459
13 1311 1324
17 1203 1220
13 148 161
13 0 1500
16 77 93
14 169 183
18 286 1500
19 656 1498
12 0 688
19 525 544
18 513 531
18 542 560
13 848 861
25 1407 1432
11 666 677
11 741 752
12 0 688
13 973 986
10 104 1499
20 421 441
10 304 1500
12 0 235
17 1442 1459
16 0 1125
9 503 512
20 421 441
10 764 774
6 1300 1495
25 774 799
10 409 419
10 0 324
10 387 397
10 389 399
13 0 1500
19 636 655
13 717 730
14 115 129
13 0 1500
13 753 766
8 0 1498
10 1369 1379
6 753 1495
12 0 889
10 94 104
12 375 1500
10 1024 1500
20 0 203
10 1248 1258
14 1006 1020
12 0 609
13 1034 1047
19 0 112
12 0 464
10 0 1500
14 1221 1235
14 0 1090
17 889 906
17 0 906
19 1002 1021
5 717 722
15 0 1500
8 741 749
14 1393 1407
37 690 727
10 1280 1290
29 825 854
12 890 902
14 872 886
23 1034 1057
6 1269 1275
11 1301 1500
12 148 160
10 1211 1221
10 644 654
16 16 32
16 986 1002
16 183 199
23 935 958
16 1093 1109
23 854 877
32 793 825
13 1355 1500
11 363 374
13 556 569
13 0 1406
10 0 399
20 0 656
11 799 810
13 1393 1406
17 1137 1154
19 774 793
12 0 1350
18 626 1500
10 1191 1201
18 1093 1500
20 0 1496
14 300 1500
38 249 287
14 955 969
19 1090 1109
10 173 183
10 0 1442
11 560 571
12 1442 1500
15 0 825
29 0 1154
11 0 666