450
26 1314 1340
12 648 660
19 0 1687
9 0 1563
13 423 436
14 513 527
15 0 776
14 470 484
22 1428 1450
12 1196 1687
22 0 1687
9 110 119
16 1116 1132
18 824 842
12 1132 1144
12 1166 1687
23 1229 1252
13 45 58
20 1461 1687
14 332 346
13 1495 1508
11 979 990
16 0 1687
15 74 89
10 391 401
11 227 238
10 1610 1620
12 498 510
21 538 559
16 1541 1557
13 0 1687
7 0 1683
18 993 1011
12 1011 1023
20 870 890
11 1517 1528
9 678 687
13 966 979
10 794 1687
12 582 594
12 112 124
10 425 1687
19 1450 1469
20 1557 1687
14 1178 1192
16 1272 1288
17 0 527
11 0 69
11 124 135
10 804 814
16 0 1132
11 1208 1219
17 1050 1687
16 253 1683
10 916 1687
11 803 814
5 322 327
10 291 301
21 1371 1392
10 373 383
20 870 890
13 412 425
12 648 660
11 0 842
10 1589 1599
15 1392 1407
26 1288 1314
18 1428 1446
11 842 853
16 0 1334
28 470 498
10 941 1687
13 1564 1577
18 209 227
14 1528 1687
10 0 824
11 572 583
15 0 1207
11 1382 1393
13 1564 1577
13 145 1687
20 1410 1430
12 1620 1632
23 0 761
15 183 198
21 0 112
14 498 512
11 198 209
19 158 177
11 879 890
21 1599 1620
10 89 1687
21 1293 1314
10 332 342
14 0 412
14 1650 1664
11 0 1687
18 901 919
13 1637 1650
13 0 13
35 0 1687
10 0 770
10 0 814
17 616 633
13 1132 1687
15 183 198
22 140 162
17 1050 1067
11 0 1687
18 901 919
30 0 1196
20 562 1687
15 1082 1097
12 57 1687
10 195 205
22 436 1687
18 1647 1665
10 941 951
10 0 183
16 14 30
11 1118 1129
11 713 724
10 0 748
19 1430 1449
16 1196 1212
10 158 1682
15 0 870
13 1632 1645
11 0 423
11 979 990
8 1252 1260
11 1664 1675
12 926 938
22 0 1687
22 1495 1517
14 0 14
17 951 968
12 1262 1274
17 0 1525
11 1025 1036
22 1094 1116
23 770 793
10 0 1491
13 678 1687
10 0 372
19 919 938
14 1011 1025
22 738 760
17 0 793
16 346 1687
10 0 1403
12 1577 1589
10 1542 1552
14 0 1050
17 295 312
10 135 145
18 0 87
10 1156 1166
11 99 110
19 1036 1684
13 1340 1353
15 1288 1687
28 1599 1627
16 1058 1684
15 0 1461
7 527 534
13 398 1687
10 916 926
7 322 1684
15 162 177
22 0 631
16 1129 1145
20 0 1272
10 724 734
12 0 1687
14 0 904
10 342 352
17 0 1637
17 814 831
26 0 1517
21 352 373
11 205 1687
15 523 538
16 990 1006
20 0 680
12 0 645
14 631 645
28 267 295
11 0 521
13 842 855
12 1212 1224
28 267 295
16 0 1541
11 198 209
21 91 112
20 0 1334
15 1334 1683
8 551 559
7 362 369
11 0 890
13 30 43
11 216 227
13 0 436
18 177 195
12 633 645
16 30 46
12 33 45
13 748 761
24 1058 1082
5 484 489
10 793 803
13 538 551
15 1303 1318
15 1303 1687
20 1557 1577
12 1577 1589
7 1145 1152
11 572 583
24 1144 1168
10 0 1077
22 919 1687
12 904 916
15 0 242
13 254 267
10 436 446
19 1006 1025
14 890 904
18 0 678
25 968 993
11 0 853
33 680 713
19 0 33
15 383 398
10 1382 1687
11 803 814
7 0 1684
18 824 842
10 135 145
15 0 1687
12 691 703
16 596 612
15 951 966
20 253 1687
16 124 140
12 112 124
6 0 1377
17 814 1687
17 1525 1542
17 1393 1410
19 1274 1293
5 195 1682
19 1274 1293
10 1589 1599
12 0 1481
10 401 411
27 1610 1637
10 814 824
8 0 569
12 1156 1168
10 738 1687
18 209 227
8 1219 1685
14 1414 1428
7 332 1684
16 1430 1446
13 842 1687
12 411 423
14 0 596
11 713 1687
11 401 412
15 1129 1144
10 1577 1587
10 538 548
11 1392 1403
11 242 253
18 1353 1687
21 561 582
11 301 312
9 0 862
17 1006 1023
12 1675 1687
19 1034 1682
12 1587 1599
10 312 322
10 1367 1377
26 0 1393
12 1082 1094
18 0 195
13 124 137
16 346 362
14 0 1687
10 1252 1262
11 435 446
23 1229 1687
14 332 346
17 0 1094
13 938 951
7 1587 1682
14 1067 1081
10 794 804
17 1410 1427
18 776 794
9 216 225
18 273 291
22 1318 1340
11 0 383
20 1461 1481
25 446 471
17 0 1525
21 1145 1166
24 770 794
24 966 990
18 140 158
15 864 1687
13 45 58
11 1403 1414
19 1097 1116
27 295 322
12 1675 1687
11 853 864
23 1334 1357
10 0 401
13 458 471
17 74 91
11 1118 1129
17 631 648
18 0 678
23 0 1469
10 1554 1564
14 0 1687
11 1450 1461
13 0 738
21 1097 1118
33 0 713
14 1481 1495
10 1577 1587
16 1414 1687
10 1293 1303
13 0 951
11 205 216
10 322 332
11 1599 1610
24 1168 1192
10 1481 1491
13 596 609
10 89 1687
15 645 660
14 0 498
15 57 1685
11 99 110
12 0 938
19 494 513
13 254 267
11 0 1687
10 562 1687
11 162 1687
11 1208 1219
17 145 162
13 1239 1687
12 242 254
8 46 1684
11 890 901
18 373 391
16 1034 1050
11 968 979
13 1632 1645
20 1667 1687
11 0 594
10 1229 1239
15 951 1687
16 0 1557
15 238 253
20 594 614
17 0 1508
16 0 1687
20 1077 1097
17 616 633
14 1481 1495
10 831 1686
12 33 45
12 0 1687
20 13 33
7 691 698
8 1023 1031
14 0 1687
20 352 372
17 0 86
22 538 560
10 793 803
11 1664 1675
11 527 1687
14 1353 1367
18 1178 1196
20 1094 1114
13 993 1687
10 1168 1178
10 551 561
13 0 738
20 1667 1687
15 0 609
10 1229 1239
9 0 133
9 1025 1034
17 951 968
15 1192 1207
17 1647 1664
15 0 776
10 760 1687
13 0 596
12 0 1224
17 13 30
15 0 870
18 660 1685
16 301 1682
13 1528 1541
10 322 332
15 383 398
8 0 1411
12 0 458
18 990 1008
13 0 484
18 273 1687
10 1357 1687
15 227 1687
16 0 74
22 703 725
10 312 1687
8 0 466
10 425 435
12 0 760
16 1272 1288
10 1637 1647
13 0 1252
10 1219 1229
10 1262 1272
14 110 124
15 864 1687
22 0 631
17 1650 1667
11 890 901
9 173 182
10 513 523
12 1144 1156
9 342 351
11 0 238
14 1357 1687
23 0 494
17 1340 1357
15 523 538
11 904 915