500
13 1299 1312
26 1244 1270
17 1414 1431
18 157 1871
11 1480 1491
29 1244 1875
10 1624 1634
17 636 1875
12 13 25
10 0 399
26 1005 1031
10 1080 1090
25 0 25
10 1634 1644
15 0 735
24 1336 1360
10 614 624
19 705 1873
14 0 1179
7 236 243
11 368 379
11 1536 1547
17 1194 1211
14 726 740
10 1444 1454
18 948 966
10 554 564
11 888 899
16 1133 1149
17 636 653
17 0 1379
19 653 672
10 0 994
15 287 1875
17 431 448
16 1710 1726
15 205 1875
14 302 316
17 967 984
22 78 100
11 0 888
12 357 369
10 0 1194
13 493 506
8 0 1153
14 640 1875
34 0 1875
10 803 813
17 141 158
36 220 256
12 1571 1583
10 0 1875
20 1201 1221
11 1848 1875
15 0 1875
14 1583 1597
11 556 567
15 461 476
16 1859 1875
18 0 292
15 205 220
13 1165 1178
13 1778 1791
10 0 1514
17 1595 1612
10 519 529
13 0 653
10 614 1875
15 338 353
12 1057 1069
15 867 882
10 757 767
14 789 803
11 1826 1875
12 1524 1536
11 783 1875
10 246 256
23 1221 1244
20 0 613
21 1036 1057
10 0 1403
17 654 1875
13 835 1875
14 190 204
10 0 1322
22 157 179
10 757 767
12 1571 1583
13 1737 1750
10 971 981
11 1557 1568
17 1647 1664
15 1179 1194
12 1429 1441
12 0 1711
11 0 257
11 899 910
11 899 910
12 692 704
7 56 63
13 0 1875
10 113 123
11 1525 1536
11 567 578
12 1325 1337
20 458 478
11 0 1491
13 817 830
22 1009 1031
13 1257 1270
13 1299 1875
17 1194 1211
8 0 1871
11 567 578
15 476 491
18 1857 1875
17 0 1664
14 0 461
18 338 356
13 0 506
14 1610 1624
12 409 421
14 0 1647
11 398 409
13 257 270
10 1444 1454
17 740 1875
19 0 1875
12 1583 1875
24 1043 1067
12 0 1043
26 1715 1741
10 0 379
14 1243 1257
22 1791 1813
17 1595 1875
18 1664 1682
13 0 1875
12 292 304
11 1535 1875
11 130 141
13 0 13
15 25 1875
5 1514 1870
19 720 739
17 1019 1036
13 506 519
21 910 931
15 940 1875
13 0 1875
10 448 458
15 1737 1875
17 318 335
18 67 1875
14 0 607
10 496 506
14 995 1009
24 176 200
15 0 863
13 707 720
16 0 1875
15 1726 1741
10 1404 1875
11 1122 1133
11 813 1875
26 1454 1480
21 1676 1697
27 0 1857
14 863 1875
10 0 1875
11 0 111
16 624 640
17 619 636
6 763 769
7 357 364
10 97 107
15 0 882
12 1535 1547
19 1433 1452
7 1288 1295
30 910 940
13 1286 1875
17 0 221
15 1118 1133
15 220 235
16 0 971
6 1752 1758
17 1809 1826
22 204 226
12 316 328
8 1726 1734
11 0 1402
18 398 416
19 707 726
15 1465 1480
18 0 1875
18 123 141
13 981 1875
12 955 1875
11 0 995
21 0 1830
12 506 1875
15 1414 1429
18 672 1871
15 353 1875
10 0 1005
13 1778 1791
12 1031 1875
19 1211 1230
11 0 824
11 694 705
12 111 123
10 682 692
17 1682 1699
17 0 274
18 654 1875
14 0 1571
25 179 204
14 1133 1147
15 272 287
16 1102 1118
13 1088 1101
11 783 794
11 888 899
12 1133 1145
17 141 158
16 1797 1875
5 1080 1085
11 806 817
11 1514 1525
9 0 1871
10 226 236
5 554 559
17 0 984
13 0 1325
18 1830 1848
13 1299 1875
15 0 1583
13 739 752
18 478 496
18 256 1875
16 1149 1875
12 409 421
21 1179 1200
11 1612 1875
14 917 931
16 40 1875
15 1322 1337
17 287 1875
24 43 1875
18 0 141
19 0 1872
11 1433 1444
10 564 574
11 0 1837
11 1524 1875
11 130 1875
13 448 461
16 1149 1875
16 1257 1273
12 0 328
12 1090 1102
11 0 1875
10 773 783
11 1231 1873
11 1546 1557
16 302 318
9 1402 1411
17 0 416
16 1791 1807
12 66 78
18 899 917
19 429 448
17 1741 1758
11 1752 1763
11 0 763
11 1837 1848
14 1404 1418
10 0 981
14 0 1336
13 1312 1325
15 940 955
15 1273 1288
15 848 1875
17 0 1184
21 1480 1501
20 1758 1875
18 0 85
14 176 190
12 1145 1875
16 1270 1286
16 97 113
10 399 409
12 0 1875
14 1379 1393
13 1286 1299
10 1070 1080
10 1009 1875
13 817 830
12 0 1069
12 0 78
12 607 619
16 431 447
13 692 705
14 1005 1019
11 447 458
19 848 1875
10 1070 1080
10 421 431
18 0 596
25 1710 1735
23 43 1875
13 1610 1623
22 1775 1875
20 226 246
10 1547 1557
19 0 398
19 379 1875
14 1043 1057
18 158 176
16 141 157
19 1069 1088
11 1454 1875
20 1102 1122
18 1664 1682
11 1633 1644
16 1336 1352
16 141 157
16 25 41
10 1325 1335
18 458 476
10 1536 1546
10 0 1875
12 85 97
22 574 596
16 256 272
14 705 1874
10 682 692
12 1682 1872
12 40 1871
11 1418 1875
15 1465 1480
21 1372 1393
6 179 1870
10 389 399
11 556 1875
10 1644 1875
10 0 1634
13 1568 1873
20 0 389
19 0 593
12 1763 1775
17 1101 1118
18 25 1875
19 111 130
10 1644 1654
16 0 1875
20 0 1875
18 1697 1715
15 25 40
16 0 864
25 1429 1454
17 931 948
10 529 539
17 0 1875
11 1454 1465
11 877 1875
13 1697 1875
23 671 694
17 0 899
5 496 501
20 0 1857
10 1623 1875
13 0 1871
16 624 1875
17 0 948
13 1491 1504
15 318 333
15 272 1875
16 540 556
5 0 1870
12 1583 1595
17 461 478
14 0 877
18 1270 1875
10 1654 1664
8 752 760
16 0 556
16 158 174
11 56 67
10 564 574
25 1337 1362
12 0 1875
13 0 519
10 1157 1167
10 1312 1322
12 740 1875
11 0 817
11 773 1870
20 1211 1231
23 1676 1699
18 0 848
12 794 806
17 1019 1875
24 1480 1504
11 0 1875
12 1664 1676
12 0 1875
12 1664 1676
10 0 1875
17 619 636
12 0 1624
5 1623 1628
13 416 429
11 0 1005
11 518 529
13 304 1874
21 0 1122
10 1654 1875
18 596 614
18 0 1875
12 0 490
8 416 424
17 274 291
11 0 607
10 0 1401
13 1299 1312
11 0 1133
11 1813 1824
17 1184 1875
15 0 554
14 726 740
11 671 682
21 0 540
13 694 707
12 13 1875
20 0 1221
18 739 757
25 0 1875
26 0 1480
16 1069 1085
17 1167 1184
11 1715 1726
11 824 835
17 1741 1758
11 0 1299
10 1491 1501
11 1848 1859
21 0 389
18 767 785
21 236 257
12 0 1145
13 1597 1610
22 1775 1875
17 1813 1830
22 0 1243
17 1362 1379
12 1379 1391
11 1393 1404
16 882 898
13 100 113
10 1157 1875
25 1546 1571
15 539 554
19 0 1875
16 1758 1871
10 529 539
22 518 540
10 0 431
14 981 1875
15 578 593
18 429 447
18 0 1875
16 353 369
18 0 848
15 994 1875
12 1231 1243
20 0 1875
12 794 806
12 0 1102
21 1547 1568
15 1118 1133
24 1501 1525
9 0 1643
14 1243 1257
13 835 848
12 1797 1809
13 1088 1101
16 341 1875
23 917 940
15 1337 1352
18 0 1870
14 1583 1597
12 0 97
10 292 302
14 789 803
13 1597 1610
12 1763 1875
16 767 783
15 0 205