100
290 878 1368
175 280 511
275 96 414
8 205 248
158 367 597
337 21 401
313 985 1310
226 1027 1382
274 778 1211
3 157 187
221 527 801
273 633 1015
242 730 1126
79 847 946
41 1020 1243
256 394 675
214 100 338
57 318 404
255 345 652
238 302 610
309 984 1507
398 123 563
260 456 782
354 409 764
220 851 1104
114 988 1249
154 109 289
118 276 466
215 188 449
206 974 1371
130 498 751
224 495 787
18 956 1139
15 764 843
140 175 372
19 772 864
392 684 1153
172 584 899
160 201 372
74 79 161
35 922 1048
312 316 650
343 486 878
299 452 802
254 152 473
113 195 338
119 957 1254
137 339 506
236 255 564
24 234 262
6 428 471
108 398 514
311 692 1012
290 735 1213
14 749 853
7 669 753
115 920 1099
308 723 1132
96 194 304
92 448 603
12 514 577
28 1002 1031
7 387 411
17 302 370
14 271 323
42 443 566
279 139 421
324 810 1187
44 126 184
391 509 1056
322 971 1376
178 41 255
53 148 236
174 423 665
266 93 419
166 355 592
199 98 351
162 716 883
101 630 737
347 97 446
71 1045 1127
146 27 181
32 528 618
20 666 717
399 20 495
163 48 248
325 618 1009
312 807 1181
122 318 527
98 163 284
390 519 966
11 57 74
348 150 558
96 878 986
95 26 128
44 977 1108
78 363 514
10 361 411
166 347 554
393 851 1390
