150
165 171 367
6 1306 1334
275 481 788
530 2644 3193
288 2021 2742
13 2046 2226
413 595 1151
435 1454 2084
443 543 1045
526 1063 1812
309 513 927
230 2268 2858
345 352 729
507 551 1065
249 1858 2485
477 1133 1611
403 1705 2286
402 2332 2963
564 790 1591
124 2588 2854
588 2654 3424
168 593 802
298 332 691
283 1024 1356
105 1962 2428
85 1151 1413
102 1048 1240
379 2390 2774
235 936 1331
36 570 699
21 2661 3025
192 779 977
263 1910 2558
431 2284 2851
367 2670 3085
12 400 434
478 2746 3520
47 949 1044
402 2727 3197
455 1534 2197
339 2127 2762
160 2216 2440
320 924 1434
59 2203 2330
282 2444 3205
366 2639 3413
198 1844 2333
365 1707 2149
51 1749 2106
78 325 471
326 1076 1527
307 675 1068
569 2210 3208
425 1515 2054
334 1334 1754
7 1397 1668
132 847 1083
288 2023 2743
478 883 1557
451 295 872
122 636 850
483 961 1583
241 2321 2943
304 1461 1827
210 192 446
212 156 370
424 1562 2268
204 2536 3210
487 515 1068
362 2449 2942
568 183 770
167 349 581
500 2599 3211
408 2404 3206
291 507 810
419 2097 2636
362 126 572
456 2500 3276
142 2124 2711
513 2447 3350
116 394 521
92 1125 1238
29 2167 2222
196 1594 1793
301 508 819
7 490 590
263 1177 1595
31 1160 1230
457 1249 1988
149 2208 2660
275 2078 2679
576 2292 3400
436 2229 3055
512 2540 3185
489 2057 2687
321 1990 2658
88 593 699
484 2212 3190
486 353 940
93 1742 2185
262 96 417
4 1992 2214
588 1122 2009
44 2012 2109
408 2480 3238
518 1011 1737
486 1308 2140
559 604 1323
171 400 591
262 2204 2907
166 813 1143
390 1882 2508
437 2473 3122
311 162 489
405 2050 2933
313 2657 3214
307 46 388
288 1130 1467
261 1062 1532
139 454 615
406 1665 2133
54 1157 1431
194 18 213
419 382 861
474 2423 2933
576 1526 2288
537 1537 2424
218 98 335
130 2249 2808
230 1368 1869
402 671 1269
236 633 944
16 460 501
29 699 819
325 19 411
408 278 761
423 731 1349
525 1376 2192
163 589 824
155 193 377
15 872 1042
212 103 367
592 1148 1953
167 2323 2808
13 2641 3159
266 629 916
382 1745 2495
43 760 861
74 2079 2384
577 1482 2453
