200
139 1806 2258
81 3099 3265
729 3010 4268
48 716 868
301 3276 4187
433 4870 5647
111 4358 4495
751 4557 6322
197 5160 5723
754 4177 5652
777 3073 4265
488 2539 3485
174 4507 4701
339 4392 4803
79 2275 2664
478 2673 3171
677 353 1154
792 2679 3540
756 437 1409
402 123 556
564 507 1264
760 3294 4374
771 13 792
39 896 1110
685 2693 3901
503 1221 1880
772 950 1822
640 5150 6430
204 3652 4172
46 5040 5366
506 4149 5391
517 3312 4180
436 3930 5152
156 4579 5678
225 2555 3001
635 1947 2914
480 1324 2129
532 4427 5525
337 439 844
782 4954 6127
218 4477 4823
147 3865 4135
112 4973 5919
183 1295 1683
441 1996 2712
773 944 1860
782 3852 5197
316 2373 2760
616 2081 3034
16 3029 3606
719 5030 5880
232 4303 4634
700 1280 2314
166 4469 5147
794 4985 6724
360 3301 3826
607 1330 2203
225 3797 4745
502 4175 5039
366 3665 4074
442 5200 6361
366 2353 2990
764 3326 4608
601 5136 6304
760 1698 2551
191 346 568
69 1349 1585
523 2898 3979
221 4592 5270
103 2768 3049
451 1068 1521
689 753 1562
687 3395 4552
235 3247 4038
73 2317 2617
181 2518 2816
81 2477 2671
118 4872 5636
689 4494 6093
690 1982 2979
465 348 879
201 412 714
633 3993 5006
296 3033 3352
138 2931 3397
413 4008 5103
285 3924 4675
147 4511 4715
626 4443 5205
111 4259 4900
617 481 1254
4 4288 4475
735 4493 5790
414 4069 4539
733 2264 3263
507 1668 2421
602 1469 2280
434 2614 3240
631 4510 5879
460 3974 4819
698 757 1640
30 273 303
523 100 666
455 4679 5314
769 2334 3614
627 15 767
587 3903 4655
445 5083 6419
490 1732 2494
381 13 431
259 681 1112
44 1638 1962
414 3249 3979
563 1872 2570
205 1195 1518
82 2789 3384
494 810 1327
121 52 178
721 4484 5602
485 4859 6206
158 2931 3165
294 1276 1842
669 1876 2929
674 1149 1994
167 776 1023
152 1288 1588
393 1866 2627
723 5163 6456
270 725 1097
697 1668 2749
646 2553 3385
533 2362 3291
767 3387 4583
499 3790 4402
532 1993 2894
527 3412 3966
185 4195 4975
61 2051 2306
95 4144 4287
162 1867 2411
704 3578 4599
546 2005 3031
209 1944 2346
132 2532 3045
530 2938 4067
267 4878 6007
435 4449 5228
626 4870 5548
742 3128 4144
410 395 880
135 1481 1734
74 3280 3889
733 1365 2297
456 3551 4319
184 3178 4001
256 2154 2697
591 2402 3248
414 1432 1926
513 672 1336
567 3028 3822
240 2506 3101
473 174 768
73 952 1081
592 3142 4119
142 994 1219
115 3927 4486
140 1153 1535
387 1657 2312
543 1300 1892
434 4785 5835
561 4014 5343
291 3248 4230
569 3510 4627
170 417 661
237 344 695
251 505 812
223 308 570
765 2997 4382
4 2537 2546
740 3491 4445
469 1572 2061
301 2856 3547
300 12 342
511 3456 4078
54 2638 2819
697 5130 5844
647 3832 4549
458 2856 3959
783 4422 6013
335 2883 3522
271 2046 2421
630 1622 2335
84 3457 3778
707 2417 3228
566 2402 3019
434 4309 4811
374 2500 3233
530 2742 3642
479 647 1241
205 5223 6486
