250
698 7283 9073
806 4283 5141
679 3921 4780
63 5320 6241
351 4484 5528
946 1610 2670
207 1417 1939
910 5139 7209
496 2470 3045
336 5167 5868
750 1901 2772
908 1591 2704
631 4441 5804
742 5488 6688
583 7159 8907
510 1642 2480
624 4304 5429
33 3454 3506
123 3312 3505
667 944 1828
208 5757 6358
70 971 1045
943 3458 5070
327 5139 5788
686 1561 2443
399 4542 5144
177 4805 5298
413 5249 6349
823 4879 6721
802 2367 3190
70 1381 1464
342 1803 2441
654 4019 5051
705 2725 3470
467 707 1400
470 5240 6276
731 1176 2085
137 62 209
702 766 1618
383 1292 1764
187 6396 6713
615 3825 5106
523 7262 8921
188 4146 4597
54 4076 4613
710 4572 5566
811 410 1455
747 4228 5663
577 4052 4849
232 4021 4887
510 305 905
274 1009 1480
557 6485 7410
312 1068 1453
306 5526 6994
555 3743 5068
332 4671 5517
51 4504 5237
992 969 2220
609 5710 7108
110 7111 8547
737 2753 3961
568 3318 4506
262 1473 2055
141 5462 5889
936 6714 8774
993 5528 6584
44 5955 6387
519 2472 3020
141 1454 1877
491 5195 6267
360 3789 4578
537 3591 4227
731 4058 5220
788 4801 6050
306 862 1194
801 3660 4523
137 3429 4017
964 3081 4719
73 20 108
455 4528 5757
392 5233 6655
944 6605 9033
687 1230 2107
267 1352 1657
208 7153 7897
805 7047 8148
617 440 1087
605 1096 1855
857 2023 3126
393 7058 8597
166 527 714
362 3985 5156
870 4314 6121
274 3933 4399
268 5128 6339
864 6464 7564
850 3001 3908
969 3685 4662
651 2075 3215
593 951 1802
731 7103 7837
75 4905 5444
329 556 963
550 2986 3981
61 1609 1980
832 5780 7571
995 2634 4091
564 3671 4791
8 6746 6911
483 1022 1800
221 1303 1773
330 474 810
79 3346 3759
314 1841 2208
68 1519 1766
370 4841 5704
298 5717 6904
421 371 814
70 413 500
44 350 465
507 6938 7595
168 2888 3084
509 5168 6112
134 7119 8295
80 6907 8146
363 3055 3893
124 623 804
955 507 1730
185 768 1068
290 1680 2135
919 2546 3939
153 86 280
412 5814 6913
989 7189 8763
468 1615 2179
608 1780 2510
121 5083 5457
127 5950 6945
409 4911 6074
688 7347 9171
161 6899 7805
345 6158 7336
791 5502 6646
712 3952 5314
516 6511 7374
934 1132 2325
299 2721 3022
620 6506 7471
772 4396 5282
176 2920 3114
357 1468 2129
838 345 1388
899 4693 6281
999 5210 6627
418 2505 3444
827 3857 4934
434 264 780
789 5438 6667
84 5929 6596
954 932 1956
473 4196 5469
227 428 753
662 3450 4568
424 2228 2995
255 4539 5614
767 4273 5862
449 3236 3845
962 1440 2424
434 5827 6750
283 1070 1355
214 631 941
701 7127 9091
350 7113 8290
191 6315 6755
513 1317 2017
703 6052 7611
188 6694 7031
833 2621 4051
357 4752 5584
60 5882 6089
197 557 861
204 1889 2272
799 2514 3655
66 1529 1703
518 3762 4388
14 3227 3448
670 2772 3585
806 4761 5927
945 7139 8621
867 2753 3621
135 7203 7962
256 6590 6965
765 5064 6582
93 4099 4283
709 1621 2779
245 1541 1893
102 3997 4280
429 6607 7203
559 1035 1893
741 3932 4676
744 4891 6417
270 2216 2894
922 4365 5892
175 1804 2316
664 6428 7532
28 5977 7151
19 3402 4017
440 4408 5011
859 235 1217
534 6324 7322
200 516 772
315 7149 8420
324 6176 7224
72 729 811
874 6437 7632
328 5411 6228
69 4898 5830
949 3094 4697
39 5059 5869
655 4207 5170
730 2330 3223
662 3798 5049
342 2586 3419
164 2984 3589
601 6726 7710
23 2984 3076
428 6815 7827
325 3519 4099
181 6865 8319
373 306 719
430 1628 2359
244 662 993
458 6030 7118
568 3032 4022
560 6466 7498
650 1377 2419
997 5899 7928
779 4617 6140
848 848 1801
362 1115 1482
270 1304 1605
350 3641 4139
26 1533 1818
49 5320 6420
792 2138 2997
235 6540 7890
65 4173 4605
766 957 1734
646 4770 5885
