300
906 8364 9703
382 5581 6851
108 10652 12795
786 1692 2703
886 2283 3784
73 5723 6156
702 7501 8281
926 1812 3024
999 9809 12596
157 7371 8878
54 9853 11497
500 2217 3151
181 5190 6367
161 2892 3315
776 7867 8755
209 2111 2781
489 7378 9178
961 7608 9604
397 579 1113
968 6461 7993
81 3594 3878
261 6947 8073
768 10049 11811
81 8403 8645
849 6119 8026
813 9029 10807
98 3805 4296
734 3596 4935
189 9733 9968
332 10540 11504
834 597 1631
803 7679 9279
326 8259 9866
109 3930 4653
286 4974 5472
395 7910 8380
534 9168 10297
1015 5203 6547
61 742 885
382 4403 5596
670 2350 3622
103 8568 8693
178 8325 8684
277 1326 1743
1073 4127 5252
274 1363 1671
190 4325 4806
628 4122 4769
262 10427 11929
1144 303 1626
835 4716 6121
778 1328 2128
1152 5508 7020
377 6540 7609
683 5652 6780
252 7620 9200
152 9456 10464
960 1514 2591
175 4322 5173
265 3404 3840
323 2808 3754
462 6147 6682
1045 9423 11344
842 2345 3470
50 789 983
166 5426 6046
843 5087 6309
1138 3542 5211
37 1677 2027
655 4845 5714
320 10303 11782
1071 4250 5944
761 348 1155
756 2985 3858
818 8128 9023
877 7985 10167
254 8223 9629
532 1947 2819
984 4358 5903
197 4102 4763
1032 4384 6243
636 3513 4302
302 9344 9873
754 1776 2812
268 4898 5351
1055 8151 10447
423 9985 11606
279 2921 3643
427 9292 11396
673 5858 6961
556 9403 10065
1018 9241 12148
557 8147 10196
520 445 1121
1029 305 1590
804 8568 10944
239 7229 8170
324 2312 2994
1148 443 1853
54 9337 10776
465 1262 1997
220 1251 1562
510 1323 2052
594 7385 9387
580 6827 8201
528 9823 12420
167 4127 4569
194 9740 10720
1176 6959 8562
554 8156 9185
506 9502 11602
568 7332 8360
693 3196 4064
555 5423 6495
1053 10360 12275
30 1881 1952
440 8498 9287
140 3432 3930
452 1614 2404
891 4833 6651
170 7732 7935
525 1048 1667
942 8401 9790
920 7892 9859
660 8621 10263
330 1590 2186
680 2619 3820
1021 3237 4709
312 4869 5343
1178 6919 8986
1182 4800 6121
1043 7272 8532
1047 3498 5213
829 767 1606
564 9188 11276
72 8256 9925
1007 4173 5561
771 3569 4901
124 684 816
718 362 1195
1158 536 1962
983 7289 9531
752 7535 9388
85 7595 7855
808 4481 5815
221 987 1428
1185 6055 8103
1109 4520 6457
270 6493 7008
605 9666 11119
699 1481 2432
595 4168 4796
981 8231 10971
989 6947 9120
284 8813 9582
1049 431 1720
1021 4383 5757
281 1516 2062
383 1809 2393
122 1955 2275
775 651 1499
194 7242 8685
311 7155 7734
375 4494 4982
1193 9638 11836
1050 2218 3374
191 3428 4113
113 5191 5587
385 7207 8101
1102 4218 5767
728 5482 6301
1009 7099 9208
224 1652 2055
783 8384 10269
403 4575 5039
16 3047 3522
1057 461 1538
528 929 1668
933 7330 8993
616 6954 8069
369 3068 4074
484 4462 5906
6 4464 4681
137 10116 10488
392 10299 10896
520 4848 6118
233 4990 5828
340 7957 9813
446 4970 6318
565 9896 11035
116 806 1095
133 8711 9277
751 4356 5560
491 2185 3210
67 6512 7649
602 3542 4328
901 10467 11500
1121 6558 8479
358 3351 3974
797 8335 10092
289 4844 6146
204 7054 8066
188 4006 4398
163 8454 8981
75 9862 10354
760 5318 6801
566 7440 9184
239 1022 1267
554 2630 3308
233 8471 9554
442 1174 1620
1173 4612 6465
203 2733 3144
339 8891 10696
614 8417 9830
532 5029 6374
119 352 564
1038 5910 7607
788 2101 3444
153 2092 2380
201 6099 6631
1143 2092 3494
631 1092 1825
984 2775 4361
657 3099 4301
154 10300 10818
442 9090 10001
1133 2177 3947
71 8059 9631
789 6096 7528
209 8815 10510
187 4141 4936
892 1910 3351
563 1944 2798
569 4042 4631
329 4041 4515
346 889 1286
594 5279 6557
825 1918 2893
830 7234 9396
772 5175 6371
935 8653 10232
565 4292 5730
873 2054 3298
702 10503 11230
153 2116 2452
1046 8787 11414
611 4411 5647
690 4679 5547
740 4226 5316
1104 8641 11133
984 8943 10198
712 2540 3436
447 8611 10865
254 10545 12904
540 4891 6082
61 2169 2612
218 8415 9933
1057 5249 6841
987 6241 7533
911 7041 8696
571 10193 12111
72 1633 1721
570 10066 10927
1191 6169 8402
209 5761 6749
875 9271 11940
158 9517 11578
815 6084 6907
524 540 1120
977 3255 4265
108 572 763
195 2780 3010
381 763 1290
238 7394 9152
387 1272 1917
176 2885 3336
936 4345 5893
97 2108 2283
680 1226 1976
231 9726 10862
679 1314 2189
720 465 1210
1187 9718 11448
1085 6579 8558
958 3667 5019
208 2860 3341
658 4588 5929
734 808 1547
339 6912 8522
1137 8672 11389
1104 3804 5795
1099 3398 5006
635 829 1549
696 7574 9505
824 1975 3150
402 9942 11677
380 6769 8195
499 9124 10845
115 5684 6013
