350
831 15307 17543
256 4477 5007
556 10786 12535
795 14291 17999
63 3466 3593
1076 12222 14947
958 8204 9339
568 12612 13814
1386 3451 4988
108 10534 12497
891 11381 14264
801 11730 13518
1017 3521 4618
522 6841 8349
829 3316 4714
1253 7078 9009
426 13829 14590
179 4766 5415
24 8516 10058
1310 4597 6267
1158 13128 14644
827 4074 5578
662 13947 17212
802 101 1061
696 12331 13397
973 15010 19137
741 12665 14831
704 8187 9767
955 2140 3359
998 9961 11112
773 990 2052
1379 4329 6406
1238 2352 4212
1387 15071 17570
415 8093 9675
1042 4347 5434
808 3084 4391
145 7295 8155
1083 6824 8919
319 8594 10550
1154 10625 12462
23 1442 1696
1287 7114 9830
1359 15375 19143
1137 3421 4727
261 11229 13738
62 8053 9721
434 13834 14889
225 3279 4086
1072 6022 8125
845 5810 7853
682 8530 9253
151 16024 19263
97 336 450
167 4668 4853
322 6078 6942
523 16194 17731
237 7730 8545
315 7610 8323
959 7539 8619
972 6229 7584
834 747 1689
1004 1504 2974
1192 15532 19305
938 14767 18683
1054 12004 13724
1395 4789 6363
895 4162 5635
870 12382 13522
137 16011 16960
174 7324 8645
1370 12397 14823
1176 12590 14070
251 5763 6660
940 10384 11619
1268 14524 16585
607 15627 16819
432 12111 14002
177 7093 8037
1093 12478 15927
654 11973 12855
1170 8951 10580
1203 2647 4535
1238 9855 11465
1254 7409 10104
932 5778 7264
416 2097 2626
947 7329 9359
1338 3143 4792
1396 15619 19232
633 607 1292
158 10370 12431
1164 4646 6884
563 13026 13714
998 4275 5708
374 1864 2441
226 13148 13921
1253 12683 15251
1315 1863 3475
1200 8771 11414
1111 6356 8065
937 8502 10182
1382 3223 5057
919 15208 18047
876 11225 12618
802 626 1681
1212 2047 3403
398 5999 7216
517 13650 14981
1134 13771 15970
211 2683 2904
1385 10268 13913
588 10708 12574
1219 13941 18078
1189 15779 17811
1370 4943 6594
637 5827 6619
1208 8465 9814
728 8318 9197
531 15702 18057
358 3573 4702
173 8460 9193
826 8542 10458
18 7720 8450
329 13741 16013
1274 10190 13050
417 16108 18657
419 3077 4163
1060 4694 6325
1181 13016 16463
1350 1295 2826
1397 5575 7934
445 14623 15450
1114 12991 16117
267 10561 12342
1231 1815 3527
1356 1342 3108
393 5504 6831
34 7930 9373
1285 7669 10660
944 10444 13267
1297 6096 8654
618 14207 16840
588 15048 17527
734 12775 15413
485 8582 9110
545 4914 6528
794 3810 4855
1131 10453 13660
132 9985 11061
17 6768 7009
776 2033 3369
621 1484 2403
537 12097 14159
1154 9601 12563
60 15075 17297
687 3559 4292
850 5117 6362
605 3070 3965
1141 13860 17581
970 13657 16114
1186 14267 17421
1095 12518 15944
615 9649 10398
94 7955 8569
763 4359 5841
182 16024 16374
393 2785 3473
479 1219 1958
1015 9385 11812
28 14863 16389
589 4913 6515
24 7631 8882
459 232 700
1291 4000 6299
133 13722 15830
1004 5223 7279
648 8877 11246
1393 15447 19140
726 4577 5640
548 283 882
109 2492 2890
865 8517 11058
612 14463 16072
1071 2961 4681
594 6854 8913
262 12084 13306
286 3544 4541
1105 12012 15713
183 10278 10780
1329 13642 17239
1038 3892 5075
637 9088 10559
1169 9527 12421
910 6739 8272
1199 414 1822
1025 15432 19211
1281 15557 20046
16 6647 7638
1196 6177 8660
1174 14059 15939
160 4098 4509
127 1495 1916
349 4244 4690
493 6139 7748
721 4215 5251
1003 3474 5166
75 3083 3413
1098 15897 17990
1084 11553 13063
1171 11099 14667
698 6425 8486
94 11247 12828
952 3894 5318
736 6051 7295
513 11168 13298
986 7139 8525
975 8699 9906
1136 2078 3701
1379 6648 8959
1100 15608 17260
1216 3095 4330
259 5554 6239
982 15960 20023
396 13693 14507
106 15254 15542
1131 7335 8777
1016 9542 11746
1070 15412 17018
800 13674 14720
367 15355 18604
258 9859 12113
623 1236 1882
67 8096 8559
629 11948 12869
448 10486 12783
885 11660 14798
416 1805 2254
812 15492 17753
683 4482 6132
773 10466 12790
870 2414 3810
1012 15275 16412
499 15409 16537
872 4460 5597
1073 1486 2998
469 13856 15698
252 33 296
1046 13044 16321
927 12352 14600
1285 13211 14544
914 9210 11159
1095 16050 18382
1039 10078 12523
264 3963 4947
1337 4794 6957
388 188 629
772 4805 5961
1077 13199 14981
299 38 352
15 16166 18062
473 15467 18180
1176 12492 16156
392 1391 1814
112 3384 3874
685 15710 18202
871 2888 4001
1183 7280 9093
26 5966 6386
1001 15898 17062
533 5581 6770
861 5563 6949
361 4198 5078
1307 8590 11380
908 7817 9090
833 13210 15706
1132 9479 11154
970 3761 4930
99 12385 13025
795 5910 6845
641 12353 14442
826 12642 14429
140 15614 16810
301 5758 6277
635 11559 12440
353 11433 14120
1106 16083 18309
1072 14989 18416
1142 6337 8120
1146 9226 11377
389 9700 11302
419 10522 12272
423 4586 5725
1301 10442 12770
1036 9271 12183
1197 4585 6616
969 6534 8819
496 2179 2884
993 2687 3908
471 13111 15999
643 783 1426
13 8532 9868
1383 780 2489
104 7604 9202
1371 9087 11140
350 25 429
1397 14827 19127
358 16088 16536
729 9608 10782
1138 1184 2665
626 6677 8381
1384 729 2191
782 497 1451
1180 4079 5921
505 15354 19001
93 15184 15432
285 8082 9267
966 2126 3675
1071 4985 7142
838 1884 2820
1097 12736 15766
442 3350 4068
336 14803 17280
1012 7961 9464
274 5682 6636
670 1078 1754
1266 9127 12129
595 1468 2429
122 14520 15246
252 1832 2180
1396 12263 15253
319 8467 9361
1086 13918 16671
159 8127 9000
841 674 1721
150 14091 16866
603 16145 18348
293 3443 3954
292 8031 9466
53 11130 11542
449 640 1234
294 15851 17449
715 10349 11927
1184 12530 13963
341 39 405
914 12432 13894
15 13327 13464
519 1480 2305
1219 2358 4154
801 5630 7259
