400
1397 5569 7588
285 2447 2812
227 317 626
207 737 986
242 3504 4398
1287 16690 20590
1451 16771 19278
237 17932 18555
586 2371 3436
1154 9450 12381
758 16025 16783
271 14353 14653
27 5819 6812
1075 5242 6404
571 10511 12361
1029 17581 21916
16 6985 8094
1309 14468 16239
843 6952 8092
446 2245 3154
131 11370 12929
1506 2321 4202
62 17548 19910
156 1413 1729
53 1742 1804
594 12307 14863
1525 12422 15478
501 8809 11096
671 738 1612
653 15024 16082
668 7197 8527
944 6358 7720
1411 10007 11941
572 6074 6751
1077 13655 15042
1308 7331 9405
91 3553 3972
727 10745 12817
300 12137 13596
85 1405 1638
487 13230 14600
553 17125 21136
884 11410 13226
1062 4713 6708
819 656 1758
1027 14455 17436
1213 11665 13944
640 6880 7929
1213 552 2096
868 17639 19824
830 11418 12944
1286 9418 11293
652 11230 13600
301 499 925
809 14773 17443
1433 7611 10248
298 8240 9409
1177 13376 16140
119 9570 10970
92 15463 16166
636 8209 9548
1306 5759 7920
544 4599 6127
378 4756 5600
1314 17009 18323
1579 161 2018
151 7577 8663
1489 5753 7938
953 4795 6483
422 15935 17623
681 1032 1815
408 7401 9354
499 17690 20853
570 11274 12932
196 15030 15727
983 15818 20045
64 17522 20831
815 3051 3923
968 4976 6063
1403 13783 16027
164 14710 14928
999 9960 11768
544 7072 8755
1166 13597 17006
1582 12210 15964
561 9840 11068
1000 700 1728
150 963 1290
1126 9991 13074
878 4087 5106
1503 2437 4504
914 15599 18328
1079 8803 10017
1588 4039 6225
1058 172 1281
707 11135 13311
309 8589 9380
1127 5072 6864
52 712 772
224 4368 5269
1502 13511 16689
482 10093 10956
834 5130 6507
267 17215 19873
333 14248 14642
846 2747 3826
611 738 1397
1505 1370 3141
237 10211 10682
424 1548 1994
345 4758 5445
308 4525 5390
331 17751 21140
1504 781 2501
702 6352 8384
24 4344 4713
1154 11081 12489
205 13726 16051
1034 3013 4329
722 16061 19258
128 5252 5725
1295 15820 17473
1002 1576 2618
254 10844 11294
390 10950 11553
266 6220 6537
879 17256 21228
879 16574 18334
594 11564 14177
182 10057 11048
1367 82 1508
1115 6551 7821
359 2284 2681
443 5931 7142
1495 13706 17178
280 8908 10132
118 1786 2172
428 11213 13429
116 16918 19911
506 7694 9536
963 15662 16984
585 14342 15777
507 16710 17532
775 9851 11482
266 13637 16646
1422 16245 19212
1515 6425 8540
75 4634 4839
711 9001 11023
1378 13185 14636
1084 15399 17614
875 4535 6114
1183 4311 6116
1482 6316 8712
1280 14961 19444
815 13726 16258
888 16274 19424
1354 2884 4454
142 11960 12142
972 16343 17323
545 8522 9259
662 17983 21997
1407 9231 12355
1298 18098 21661
1311 3735 5087
1241 4159 6239
1030 5098 6142
493 4018 5305
653 14346 16012
332 10642 11847
510 15847 19539
124 1516 1881
1048 3144 4377
661 13578 16178
358 10644 13024
255 2267 2968
1321 9038 12219
54 18144 20087
276 13899 15238
297 12920 13278
210 17602 19680
727 17554 19724
607 9685 10825
1328 770 2405
1208 15505 19594
1464 12283 15399
1436 9214 11378
443 17756 20602
1167 9592 11825
1198 61 1473
1488 8238 11343
234 2955 3270
706 8613 9734
1362 3975 6371
826 13984 17372
1049 8106 9686
39 15795 16484
1177 15037 16320
820 17250 21216
656 11281 12016
1452 14217 16123
1546 592 2326
883 15242 19094
632 1869 2791
106 7247 8595
89 14961 15765
437 15821 19240
388 7035 7519
131 2556 3086
763 11722 12757
345 2626 3216
1226 5150 7118
1381 16516 18003
1267 843 2301
524 3936 4927
1316 17159 19400
1464 17178 20064
826 4883 6418
381 14500 16155
127 14212 16190
1078 12876 15362
1304 2345 3939
1021 12924 14151
299 6894 7530
1168 7814 9035
550 14094 15148
170 14495 15909
137 1472 1705
987 5027 6281
237 6727 7030
535 4383 5635
36 15217 16233
1036 454 1676
19 7669 7932
980 13687 17265
521 10148 12644
1566 11557 15719
50 8027 9423
369 5962 7249
1021 1376 2768
1133 11055 13287
1025 15778 19754
976 4413 5579
1425 13935 18045
625 16897 20405
1243 17501 19815
889 12435 13870
866 11549 14769
124 3566 3885
814 7480 9141
404 15040 15583
491 12012 13741
1166 13660 16761
826 9492 11093
157 8869 9871
1036 7612 8900
492 16177 19304
179 6593 7085
325 6207 7786
1540 7243 10380
976 13656 14922
1026 11579 12763
390 12830 15681
524 10483 11867
43 7369 8140
511 1138 1765
1375 16339 18923
76 2321 2850
313 12408 13381
49 9602 9669
809 7824 9673
890 14868 17389
352 17726 19450
158 9621 11404
1039 16324 19780
399 6468 7404
339 6333 7935
1005 5650 7453
432 5655 6358
593 12294 14830
461 7380 8201
1143 12796 13987
771 2615 3592
913 11563 14095
591 5945 7794
825 14669 17791
709 8882 10521
252 3552 4503
465 12418 14562
64 12809 13191
652 3983 5480
496 13335 16320
353 6692 8214
544 17788 21232
1306 11366 15188
530 3942 4560
851 5680 7233
1380 16081 18162
1394 13156 15779
632 2631 3379
1166 3941 5399
182 14847 16416
164 6568 6899
281 17129 19702
134 13272 13673
1360 8837 11022
934 6030 7515
995 1871 3320
390 12477 14485
988 1788 3152
909 15727 19785
361 12386 14605
1558 10252 13413
871 13652 16531
1567 10765 14629
1009 2304 3370
1228 11904 14624
1067 2145 3240
425 16271 17280
659 8044 9134
615 319 1017
237 1971 2264
1461 9721 13107
147 7169 7350
136 16697 19088
656 10323 12682
993 4484 6311
336 9803 11439
1535 4906 6651
255 3603 4263
753 17924 21450
508 842 1428
70 5088 5319
809 4986 6642
37 9851 11194
188 8627 8894
798 13832 16202
1460 15487 17260
442 3601 4840
337 7423 9071
66 4601 4732
1116 12265 13868
244 10127 10534
986 10933 14259
46 10713 11413
13 10438 11095
325 10276 12415
765 3538 4976
515 7903 8609
159 5316 5981
537 17068 19242
979 8732 10868
1108 13663 15206
1057 8762 10887
1456 16493 18109
39 17248 20277
866 17030 18865
1399 465 2022
1406 1950 3876
196 11585 12841
1123 323 1555
22 15922 16755
420 14072 15858
932 11083 14049
910 8926 10021
695 5992 7897
1232 2967 4701
308 4534 5507
1254 7357 9667
527 5299 6554
269 4652 5514
433 4440 4944
428 8063 9357
139 11506 13522
1597 15844 19640
379 14374 17255
1148 2361 3527
1259 8982 11317
733 10826 13382
402 12925 15044
809 8950 10212
165 9896 10502
240 16632 18580
397 12566 13990
1096 1677 3164
920 9943 11707
1299 13766 17122
719 5517 6708
1391 6462 9015
1284 15754 19165
45 9965 10821
320 1796 2223
243 11419 13828
633 16431 19898
950 17166 19134
1555 1169 3058
1479 16945 21935
308 1119 1463
289 2138 2899
1093 13990 15112
