450
282 12765 14542
212 23111 23894
941 1131 2100
1611 9889 13410
430 2663 3312
598 7029 8607
314 13546 14027
1028 17648 20792
1659 5512 8429
1193 4646 5912
664 2003 2682
1690 9977 13691
715 7989 10192
1631 4550 6254
370 3605 4338
185 409 595
1157 21231 22744
1044 8877 10855
795 15004 18327
1232 761 2137
447 1340 2026
321 24727 28488
1278 3812 5792
1006 18336 22858
1536 21050 25583
545 1312 2063
1068 15860 19092
878 16105 18785
1705 22644 25443
224 12509 12804
1314 13497 17129
579 11171 12381
59 1068 1184
379 5136 6290
1722 19561 23881
1321 13493 15665
228 18306 20060
1177 10966 14148
486 5052 5760
1727 5716 8728
1549 8976 11776
1226 19106 22869
82 7774 7927
185 18063 20218
422 4076 5081
552 13398 14761
1718 7336 9569
1158 7348 9678
958 23071 25840
199 21869 23497
1156 6796 8333
1518 18653 22987
1616 18007 20046
766 22159 24761
294 15832 17107
1733 16389 21697
1480 4810 6857
1496 23862 28262
440 1719 2476
1595 4843 6736
1213 21834 25716
1247 3366 4992
1661 7467 9483
1482 4842 6804
141 8585 9569
1420 19797 25198
1131 14451 17317
1448 13758 17463
1192 21467 24930
1428 5557 7623
959 6222 8492
712 12233 13409
526 20250 23070
83 5007 5247
415 4108 4730
1621 5144 7061
1598 16762 18788
1646 16015 20919
1511 25345 32152
942 18054 19189
44 24165 26242
517 20523 24795
210 19213 21693
1006 12321 14051
658 16457 19472
1210 13790 15679
1711 24887 30938
527 18384 22279
1285 716 2038
877 21678 23153
91 2569 2785
1618 5230 7201
64 7157 7967
866 14934 16991
780 9503 10435
1000 12874 14410
616 5769 7174
1052 2309 3429
287 10020 10509
112 14671 16133
359 10581 13069
1571 16085 18807
859 1621 2516
1734 4788 6738
1685 4394 6523
490 22490 27323
855 11707 14445
1244 3736 5962
691 19614 23105
1545 5781 7811
1300 1528 3261
22 9469 9691
61 14072 14659
1310 12474 15107
293 15155 18133
90 24579 27284
170 3314 3630
269 14310 15251
1691 14410 18620
1671 6073 8360
858 23899 28714
1416 18316 23078
47 19269 21135
919 3586 5181
1728 17620 20619
675 3188 4209
482 9120 10617
1536 572 2171
1670 12593 14924
1735 13831 17094
915 8044 10472
348 9565 11573
484 24005 28074
1688 7697 10079
1471 2113 3883
1764 23517 28416
827 22999 26225
930 18807 20744
1047 2406 3838
1438 8253 10617
602 9563 10762
883 17855 19552
92 24895 25289
452 19743 24073
299 19771 23615
927 6348 8045
1256 10183 12569
662 7380 8253
223 11932 13487
1245 18351 20808
1489 14461 17597
897 16222 18756
963 16610 20712
615 22661 23912
1011 1165 2408
1094 8499 11164
663 9908 11398
1499 21745 27890
1787 19196 24048
927 6249 8283
766 809 1677
1433 12382 15324
304 16870 20454
1245 18691 21780
1255 12336 15604
396 20593 24530
533 12906 14505
1625 19844 24852
1336 21320 25474
555 638 1352
762 10409 13305
377 2307 2990
462 4981 6010
1537 5973 7813
1387 14440 17500
1585 15095 18544
1036 3919 5919
698 14254 17832
1069 10206 11574
287 4655 5789
1561 11554 13831
1463 391 2110
799 17702 20391
1035 16467 20707
1517 15552 19129
1481 704 2536
79 24878 28644
132 1724 2169
454 748 1213
1285 21090 24164
1158 6447 8474
167 11209 12206
822 910 1964
133 5445 5903
986 11019 12830
1243 1796 3588
252 17017 18493
1528 22942 25923
1720 20265 23304
1638 24146 28951
643 24278 27528
1144 15119 16489
565 7206 9014
388 9171 10714
882 5957 7302
39 10493 12511
544 7399 8016
401 5922 7232
1334 4917 6962
13 14880 15404
225 9384 10565
1709 14034 18463
1253 19618 24721
279 14404 17259
772 10852 12852
1590 11652 15690
1468 10045 13169
1012 6735 8132
1542 16122 19692
1701 2063 4196
486 12599 14837
1074 225 1429
241 19591 21818
457 23268 23829
631 20738 24853
399 24567 27017
1716 7903 9678
152 13186 15163
201 15425 18523
527 6080 7226
515 18395 21641
275 23115 27789
1248 3719 5576
677 5678 6989
1713 2045 4422
554 3651 4654
253 12507 15045
1574 11051 13901
1634 13979 16235
130 5580 6493
1159 22503 26353
1130 18315 21490
1414 8895 11821
613 5327 6909
940 5056 6662
235 11026 13416
1490 12434 16645
737 22388 23594
37 24880 27284
1098 18732 21169
252 7950 8246
1678 15768 18138
1182 5342 7652
1308 11277 14978
1787 17236 21686
543 21963 22709
218 23245 27024
1695 4176 6794
387 13724 15547
44 9717 11238
656 22575 24904
155 3036 3633
380 11840 13827
1303 21998 23468
1688 14788 16602
173 11689 14024
628 4202 4856
1324 8166 10810
1236 4713 7083
495 4328 5105
1050 20250 21771
1213 10176 11774
796 8453 10404
917 18615 20191
1137 11186 13698
534 4299 5205
751 17280 21370
1072 364 1658
1245 23162 27571
1086 23513 27428
593 4608 5940
104 20402 21301
1432 14939 16653
994 1049 2060
295 20824 23045
1064 24859 29240
1044 3214 4603
157 24788 27769
26 14863 17505
317 18399 19080
1787 24855 27624
1537 10127 11796
149 9415 10564
731 14997 17382
1200 10895 12174
18 20808 22290
399 3225 4277
755 10593 12752
584 20204 21300
316 18329 22075
1273 18848 20498
723 20038 22641
245 25287 30354
801 25393 28020
1344 11238 13409
482 20454 22345
1234 16953 18576
812 23770 28391
1271 4351 5946
137 23676 24987
359 13476 16467
1330 1996 3336
1263 15610 19033
821 1167 2069
1751 20324 25772
821 12315 14907
648 22328 27348
1167 7273 8991
319 8409 8755
502 16795 19323
226 18516 19572
646 20469 22842
832 7181 8498
514 17149 18079
878 15729 17724
1428 6674 9134
364 1005 1402
998 16671 17748
694 12891 16252
1417 13221 16497
61 8002 8623
105 20967 25080
66 24720 26042
318 10186 12586
1533 23016 25528
447 5566 6282
1517 153 1846
265 6904 7662
711 13532 15793
402 11664 14156
1632 2371 4706
1598 18199 20083
151 6709 7072
551 10303 11071
1687 219 2031
942 19132 20744
649 23475 24182
164 23753 28572
1374 1177 2903
1314 24077 30190
412 15200 18733
1647 23332 28425
1382 13336 16969
891 9188 11557
494 19110 20489
1018 10140 11160
1156 17822 20860
556 10568 12315
803 21949 25317
338 11936 13162
1739 7641 9644
1747 21041 25552
715 9152 10662
1300 21299 22907
192 5502 6677
837 14504 17947
1726 24961 27481
889 23064 28713
154 14401 16927
586 17475 20689
103 4367 5157
1590 23428 26795
309 6135 7345
1768 1960 4213
705 8278 9606
1311 25371 31618
1153 12388 14432
1001 14899 16668
1739 7451 10397
1721 18956 23411
492 3139 4166
304 10639 12244
1306 13969 17937
651 23946 27195
1148 2819 4295
1401 10879 13808
554 8356 10280
1157 10807 13609
529 6032 7455
1475 4979 7324
762 14353 16677
100 20856 24263
1518 10177 13310
1068 19230 20304
1590 11669 15845
1020 11915 14114
919 11142 12773
1052 8068 10758
182 9078 10184
653 22895 24057
1567 2999 4735
1481 22504 24771
1695 7120 9651
1736 19291 22909
178 6377 7240
1235 20502 25874
1488 20209 24841
1328 20671 24524
1059 5804 7230
914 8110 9898
600 17207 18406
889 6266 8514
646 22725 27560
1636 17911 19868
775 20947 22049
1781 7462 10837
992 21587 25164
153 5622 6535
1223 4982 6950
81 22997 26224
1395 22129 26367
1579 1572 3658
1076 21609 24110
846 14390 16424
726 15614 16436
799 20819 25809
1423 17425 20843
319 20488 22263
275 1812 2100
898 8114 10410
888 14871 18410
1295 19270 22023
607 17635 18630
43 7055 7435
1290 24109 26819
1036 21289 22421
674 18089 22301
459 19513 22712
1631 24818 30665
1679 16154 21249
26 8554 8948
1419 21714 26067
1297 14622 16053
801 22716 23776
650 5231 6236
1299 23960 27593
1030 8434 10715
917 18034 18975
449 4862 6317
146 20140 20366
