50
148 69 229
115 234 365
186 339 578
180 311 497
188 74 279
115 336 460
182 287 555
47 300 374
123 266 391
55 132 212
173 44 258
35 245 330
26 347 441
28 168 230
11 294 358
186 135 365
146 99 268
90 98 214
93 245 391
73 113 217
55 118 180
185 84 287
122 346 509
81 79 189
116 112 262
104 73 208
190 204 418
119 256 390
152 20 173
25 204 235
27 92 140
157 224 426
103 254 387
179 206 439
89 158 270
154 253 466
173 177 394
191 328 553
104 287 441
152 82 278
22 247 308
73 57 130
73 186 265
155 28 203
198 209 452
125 42 179
19 109 132
77 185 282
141 200 354
11 25 40
