500
1328 14213 17321
919 17377 20141
767 15007 17793
752 28748 33952
1684 3507 5559
1829 9392 12086
1167 12059 13732
1771 29963 35716
919 1999 3324
653 15491 17583
433 29019 34010
1736 11914 13733
273 23396 28322
1544 15503 18080
1457 10588 13777
1961 9407 12817
901 30826 34211
205 22940 27247
486 21983 25300
1603 2135 4484
1850 15793 18048
1675 19345 23235
1892 29989 34250
874 19832 21356
1053 8012 10519
905 11952 13232
394 8701 10470
637 20129 22946
283 3231 3746
186 4984 5568
1888 1682 3931
1512 22619 24253
389 7295 8960
1390 30063 37338
1089 15080 17445
177 2641 3325
1084 15253 19082
631 21193 25905
1495 21476 25944
1774 18796 22758
1468 12756 16008
306 24756 29849
36 19111 21672
1844 14636 16735
1683 21936 23741
973 16389 20812
1765 27666 33554
387 699 1106
459 2069 2574
1571 4949 6629
623 1517 2311
1222 19376 22961
590 17671 21234
1102 14115 17752
210 13965 15901
1520 24144 26483
1748 2303 4316
960 13611 15620
241 20349 22944
1460 28506 31289
1954 16740 19223
635 25652 31483
137 4378 4914
1151 16204 20343
496 14739 16277
1389 21964 27384
1469 1760 3503
1884 6742 8962
528 11596 13176
1385 23876 28436
990 22204 26740
434 4215 5570
549 27342 28400
73 21330 21772
435 15813 19167
1105 18181 20202
142 5412 6504
1884 16557 18820
1859 25627 28611
716 8938 9802
270 2502 2832
1236 3133 5170
1647 11747 15458
1334 5565 7365
841 15606 17300
756 25314 29081
732 23202 25706
1082 2704 4061
498 13099 15787
1074 19841 23559
88 28610 31594
1510 13534 15745
383 18447 19839
780 18576 22911
1238 23419 29094
985 16470 18002
666 30520 33572
1228 27852 34633
428 12157 13789
566 22923 24016
620 26821 28075
106 15657 17750
1536 9270 12704
436 26309 29037
1037 27145 31801
753 5994 7962
1126 17020 18747
1163 24946 27824
585 24137 27068
1818 13782 18142
667 9791 10728
1582 23521 28637
1937 18782 24417
1347 1832 3604
749 15821 17266
213 2379 2940
978 4877 6559
470 2798 3880
1590 23201 24928
1024 8391 11278
172 4772 5862
1527 26666 30156
300 4431 5502
20 15661 16423
574 14893 16365
1430 16348 18821
1493 2361 4282
1073 5147 7211
540 18343 20386
1820 18437 23626
419 1200 1666
136 23909 27771
1930 12564 15749
1895 14402 19010
1659 2950 4841
923 3697 5276
727 18807 22724
1143 4216 6218
1223 23117 25875
222 22422 23234
155 4123 4853
130 7624 8499
873 9469 12032
174 29683 34738
852 17157 19510
460 24045 26885
976 420 1621
1957 20548 25755
1706 25070 32017
1961 6336 8424
829 4047 5282
1324 10671 14054
1514 12712 14774
1505 28507 34074
105 4752 4981
806 3543 4465
997 20420 25482
499 6836 7357
804 4197 5032
661 17323 19255
1294 19877 21585
1748 12439 14421
1901 20643 25484
307 20153 23863
929 13067 14859
372 22309 23515
1776 1835 4025
969 10160 13094
1893 22019 27586
1464 26077 30894
1492 24064 27053
1798 23878 27801
476 2644 3380
1927 1133 3167
328 3096 3725
1775 817 2976
1899 29325 35643
226 27060 31324
1456 17923 22142
684 27649 29522
1602 17516 22582
87 18433 20675
746 2983 3988
698 29123 35022
510 8878 10179
1400 28537 31075
265 502 773
789 12146 14574
233 9795 11631
1269 4962 6512
1407 19299 22406
184 9257 9702
816 8918 11391
1125 20844 24606
1759 907 2893
1136 5805 7224
752 191 1123
1934 25902 32109
1001 14542 16380
1070 20688 22925
1743 7905 9956
29 23439 23831
696 20765 25476
724 11095 14065
1765 27601 31950
71 21107 21242
1990 25395 31190
22 22414 23352
1310 12563 16383
218 3056 3698
1143 5759 7329
1312 6725 9075
439 7594 8277
507 19300 23102
1740 18380 23774
166 18798 21675
488 25322 27317
735 26683 28465
793 16189 19710
1892 14695 19442
1713 17935 23516
1636 3166 4829
1383 20945 23411
300 21321 22696
837 29363 34535
835 25215 30851
1641 29184 32875
212 6418 6816
457 22633 24162
1820 16312 19107
1389 22132 27258
784 12436 14999
1831 21235 27298
1974 14305 17451
878 1158 2244
69 21894 25556
1778 20519 22355
1014 26103 31940
346 14624 17518
956 6613 8689
973 9459 11171
1138 29997 33855
464 30298 36698
1294 19426 21159
432 12966 14257
771 18078 22278
1426 22042 23888
1521 5048 7491
1533 12088 13825
486 14251 16157
1623 8575 11930
1618 19328 22350
1951 1624 4013
354 5917 6332
493 9124 11234
1758 17494 20102
422 1103 1730
1184 6927 9452
362 14232 16246
1843 12709 15490
354 24053 27015
409 7496 8962
274 8426 9383
1863 26337 28322
498 17296 20347
959 19497 22201
771 5672 6708
579 19726 20725
677 2851 3972
1554 6530 9157
711 12435 13842
955 8216 10879
1622 12149 15103
1691 19634 23974
1667 29750 34146
1357 24823 30195
1337 7801 9228
617 22364 25246
1233 12832 14936
428 18480 20950
1343 22514 28618
1012 11957 13694
1353 20263 21703
399 8843 10052
860 7884 10231
1847 16558 21203
320 11873 13695
872 4995 6768
1277 30828 37640
1728 14996 17982
1098 18614 23430
1563 27907 29896
467 11048 13412
1705 10264 13411
333 28258 33836
1221 449 1988
1217 27822 29250
406 25053 30120
755 13112 15915
531 12644 14680
1940 16241 20964
96 30644 34003
789 30797 31930
790 21367 26399
1977 15201 20019
474 13330 13900
1057 12894 16548
871 25210 29461
156 9066 9765
628 12936 16191
1170 8791 10377
1770 19197 21854
1173 24779 25996
1033 30316 33786
1637 8065 10043
1428 6242 8929
1936 11295 15260
1192 10667 12868
763 7746 9781
1354 5417 6955
920 17296 19407
706 19211 21466
1839 15685 20261
222 26316 28586
30 15596 16044
1696 29780 33569
969 10868 12559
1232 2720 4477
942 24957 30048
873 11529 12447
1241 22963 27616
1140 13230 16388
540 24772 25959
248 26100 30856
837 8873 11478
1706 4330 7180
433 21636 23902
284 30430 34311
1216 26073 28936
1964 12118 14410
1833 29774 37539
547 26675 29902
1129 8479 9916
53 5936 6320
15 27672 29377
136 28142 30530
1204 27981 30586
714 22313 23592
423 9836 11375
1208 15178 17813
151 5360 5642
1814 25519 31671
1562 18459 22387
398 8268 9453
1353 9644 12856
1459 9188 10731
293 25185 25980
1192 21663 25412
407 10976 13064
1777 16569 19625
52 3120 3783
1560 21085 23350
1019 10655 13834
873 21141 24421
1996 22173 24190
452 5904 6515
296 27045 28963
806 2242 3267
912 26122 28481
399 27347 29019
937 27551 28843
533 30059 33867
1847 29957 33155
212 7312 8568
622 1154 1857
20 25620 26600
1149 18311 22601
1922 26628 32219
604 981 1767
489 26177 30425
357 3401 4363
1495 8202 11599
605 21675 26490
53 4161 4389
595 13990 17476
1544 14764 18856
1553 11774 14573
540 6087 6797
206 5734 6364
1420 15270 19536
922 6587 8196
174 4024 4805
926 29319 33557
864 15491 18771
595 22171 24733
1121 22444 27241
1467 29718 35485
1014 9022 10805
1526 11007 14331
470 26342 31201
280 28223 33412
90 6843 7883
1747 20488 23585
1745 11081 13645
1271 3645 5229
1207 5437 6846
1629 7288 9407
1629 896 2598
1931 7598 11286
288 5367 6116
218 4497 5603
1171 2480 3761
1673 6393 9507
1827 27917 32637
377 18414 22115
243 3492 3945
840 27611 31047
1816 14879 17333
1012 16343 20427
1535 3245 5700
208 16825 19315
1570 12452 14537
31 4468 4818
71 22189 22827
400 11311 12923
1095 19752 23206
562 2876 3593
299 19284 23398
1559 20522 22106
90 24893 26957
1372 15273 18032
1868 6440 9642
734 13063 15564
937 27098 32310
204 14264 16447
282 21790 25800
752 7413 9178
1730 28468 32446
1760 20074 24569
279 29416 30534
238 1956 2220
760 722 1708
1546 24130 27382
1703 1429 3404
1638 206 1984
1852 28503 30935
1758 15359 18300
1026 25303 30795
1933 1076 3148
1808 4697 7189
803 3489 4999
769 1627 2792
1849 10634 14169
457 15433 19011
663 4928 6122
1450 20407 23990
792 16853 20164
1213 16625 21210
472 9887 11383
536 22864 24020
1931 16701 21438
1728 29851 35403
1602 13768 16289
347 7065 8006
363 10556 10936
130 10270 11962
987 28309 32989
1250 27503 31731
887 11255 12490
1253 153 1570
1387 21510 24367
1309 5501 6936
1104 10950 14071
11 12765 14928
1520 4921 7296
346 7620 8056
1535 19387 23485
504 8358 9905
391 17002 18353
1089 4059 5157
559 17898 21202
352 29728 33180
1173 5876 7981
1331 4585 6440
617 12075 13740
598 2385 3279
889 25229 31229
1746 19085 21787
1794 15865 18417
111 14820 16052
1826 9654 12912
340 17825 20305
1842 245 2269
309 10383 12656
1549 27203 33931
372 17795 19860
715 29326 32017
22 26468 29436
951 4287 6136
217 21091 23591
